n, 	stddev,  	beta,		prev_sd 
100, 	0.201, 	2.00, 	0.100
100, 	0.243, 	2.00, 	0.111
100, 	0.284, 	2.00, 	0.144
100, 	0.324, 	2.00, 	0.193
100, 	0.363, 	2.00, 	0.237
100, 	0.399, 	2.00, 	0.274
100, 	0.432, 	2.01, 	0.310
100, 	0.464, 	2.15, 	0.343
100, 	0.493, 	2.40, 	0.374
100, 	0.520, 	2.65, 	0.400
100, 	0.546, 	3.10, 	0.428
100, 	0.570, 	3.77, 	0.454
100, 	0.593, 	3.98, 	0.479
100, 	0.615, 	4.01, 	0.496
100, 	0.637, 	4.45, 	0.514
100, 	0.658, 	5.15, 	0.521
100, 	0.679, 	5.08, 	0.538
100, 	0.699, 	5.10, 	0.546
100, 	0.719, 	4.99, 	0.561
100, 	0.740, 	5.79, 	0.553
100, 	0.760, 	5.88, 	0.556
100, 	0.780, 	5.75, 	0.567
100, 	0.800, 	5.34, 	0.587
100, 	0.820, 	5.29, 	0.590
100, 	0.840, 	5.72, 	0.576
100, 	0.860, 	5.89, 	0.562
100, 	0.880, 	5.88, 	0.570
100, 	0.900, 	5.80, 	0.597
