n, 	stddev,  	beta,		prev_sd 
110, 	0.201, 	2.00, 	0.095
110, 	0.243, 	2.00, 	0.111
110, 	0.284, 	2.00, 	0.153
110, 	0.324, 	2.00, 	0.194
110, 	0.363, 	2.00, 	0.240
110, 	0.399, 	2.23, 	0.277
110, 	0.432, 	2.61, 	0.315
110, 	0.464, 	3.65, 	0.345
110, 	0.493, 	4.10, 	0.376
110, 	0.520, 	5.64, 	0.402
110, 	0.546, 	6.06, 	0.429
110, 	0.570, 	7.11, 	0.458
110, 	0.593, 	8.09, 	0.479
110, 	0.615, 	9.00, 	0.492
110, 	0.637, 	8.85, 	0.517
110, 	0.658, 	8.89, 	0.534
110, 	0.679, 	9.64, 	0.553
110, 	0.699, 	10.10, 	0.566
110, 	0.719, 	10.47, 	0.551
110, 	0.740, 	10.32, 	0.573
110, 	0.760, 	10.34, 	0.593
110, 	0.780, 	10.49, 	0.595
110, 	0.800, 	10.76, 	0.597
110, 	0.820, 	10.43, 	0.602
110, 	0.840, 	10.78, 	0.593
110, 	0.860, 	11.34, 	0.594
110, 	0.880, 	11.25, 	0.596
110, 	0.900, 	10.81, 	0.603
