n, 	stddev,  	beta,		prev_sd 
120, 	0.201, 	2.00, 	0.092
120, 	0.243, 	2.00, 	0.113
120, 	0.284, 	2.00, 	0.161
120, 	0.324, 	2.00, 	0.202
120, 	0.363, 	2.09, 	0.238
120, 	0.399, 	2.88, 	0.282
120, 	0.432, 	4.96, 	0.316
120, 	0.464, 	5.54, 	0.350
120, 	0.493, 	9.22, 	0.382
120, 	0.520, 	10.45, 	0.408
120, 	0.546, 	10.49, 	0.437
120, 	0.570, 	12.71, 	0.458
120, 	0.593, 	13.88, 	0.479
120, 	0.615, 	14.46, 	0.494
120, 	0.637, 	14.03, 	0.526
120, 	0.658, 	15.20, 	0.544
120, 	0.679, 	15.70, 	0.547
120, 	0.699, 	16.14, 	0.567
120, 	0.719, 	15.59, 	0.588
120, 	0.740, 	16.15, 	0.592
120, 	0.760, 	15.99, 	0.609
120, 	0.780, 	16.96, 	0.599
120, 	0.800, 	16.91, 	0.598
120, 	0.820, 	17.09, 	0.614
120, 	0.840, 	17.12, 	0.613
120, 	0.860, 	16.76, 	0.612
120, 	0.880, 	16.98, 	0.621
120, 	0.900, 	17.10, 	0.621
