n, 	stddev,  	beta,		prev_sd 
130, 	0.201, 	2.00, 	0.089
130, 	0.243, 	2.00, 	0.121
130, 	0.284, 	2.00, 	0.158
130, 	0.324, 	2.10, 	0.203
130, 	0.363, 	2.74, 	0.247
130, 	0.399, 	5.10, 	0.283
130, 	0.432, 	8.56, 	0.319
130, 	0.464, 	11.29, 	0.352
130, 	0.493, 	13.44, 	0.386
130, 	0.520, 	15.50, 	0.411
130, 	0.546, 	16.88, 	0.438
130, 	0.570, 	19.46, 	0.462
130, 	0.593, 	19.10, 	0.475
130, 	0.615, 	19.77, 	0.509
130, 	0.637, 	21.01, 	0.527
130, 	0.658, 	20.29, 	0.550
130, 	0.679, 	21.12, 	0.563
130, 	0.699, 	22.57, 	0.584
130, 	0.719, 	22.49, 	0.597
130, 	0.740, 	22.18, 	0.600
130, 	0.760, 	21.95, 	0.620
130, 	0.780, 	22.10, 	0.627
130, 	0.800, 	22.98, 	0.627
130, 	0.820, 	22.70, 	0.623
130, 	0.840, 	23.23, 	0.625
130, 	0.860, 	22.89, 	0.624
130, 	0.880, 	22.76, 	0.638
130, 	0.900, 	23.09, 	0.624
