n, 	stddev,  	beta,		prev_sd 
140, 	0.201, 	2.00, 	0.089
140, 	0.243, 	2.00, 	0.125
140, 	0.284, 	2.00, 	0.163
140, 	0.324, 	2.23, 	0.209
140, 	0.363, 	3.73, 	0.244
140, 	0.399, 	8.20, 	0.288
140, 	0.432, 	11.53, 	0.325
140, 	0.464, 	16.52, 	0.354
140, 	0.493, 	19.65, 	0.387
140, 	0.520, 	20.43, 	0.415
140, 	0.546, 	22.91, 	0.445
140, 	0.570, 	23.29, 	0.467
140, 	0.593, 	24.82, 	0.481
140, 	0.615, 	25.64, 	0.513
140, 	0.637, 	26.01, 	0.531
140, 	0.658, 	27.27, 	0.550
140, 	0.679, 	26.68, 	0.569
140, 	0.699, 	27.43, 	0.579
140, 	0.719, 	27.09, 	0.591
140, 	0.740, 	27.48, 	0.608
140, 	0.760, 	27.90, 	0.620
140, 	0.780, 	27.91, 	0.632
140, 	0.800, 	27.76, 	0.628
140, 	0.820, 	27.85, 	0.636
140, 	0.840, 	27.99, 	0.646
140, 	0.860, 	27.93, 	0.646
140, 	0.880, 	27.91, 	0.658
140, 	0.900, 	28.40, 	0.644
