n, 	stddev,  	beta,		prev_sd 
150, 	0.201, 	2.00, 	0.085
150, 	0.243, 	2.00, 	0.121
150, 	0.284, 	2.06, 	0.166
150, 	0.324, 	2.98, 	0.213
150, 	0.363, 	6.96, 	0.257
150, 	0.399, 	12.16, 	0.292
150, 	0.432, 	18.18, 	0.326
150, 	0.464, 	22.02, 	0.361
150, 	0.493, 	24.05, 	0.392
150, 	0.520, 	26.98, 	0.417
150, 	0.546, 	28.32, 	0.444
150, 	0.570, 	29.51, 	0.470
150, 	0.593, 	30.80, 	0.497
150, 	0.615, 	31.19, 	0.517
150, 	0.637, 	32.31, 	0.535
150, 	0.658, 	32.50, 	0.555
150, 	0.679, 	33.24, 	0.572
150, 	0.699, 	33.39, 	0.586
150, 	0.719, 	33.35, 	0.602
150, 	0.740, 	33.74, 	0.617
150, 	0.760, 	33.94, 	0.630
150, 	0.780, 	34.08, 	0.625
150, 	0.800, 	33.88, 	0.646
150, 	0.820, 	33.95, 	0.642
150, 	0.840, 	34.42, 	0.641
150, 	0.860, 	34.04, 	0.653
150, 	0.880, 	33.96, 	0.659
150, 	0.900, 	33.95, 	0.657
