n, 	stddev,  	beta,		prev_sd 
160, 	0.201, 	2.00, 	0.085
160, 	0.243, 	2.00, 	0.122
160, 	0.284, 	2.01, 	0.174
160, 	0.324, 	4.75, 	0.215
160, 	0.363, 	11.69, 	0.253
160, 	0.399, 	18.15, 	0.289
160, 	0.432, 	25.30, 	0.327
160, 	0.464, 	27.93, 	0.364
160, 	0.493, 	31.35, 	0.395
160, 	0.520, 	33.41, 	0.423
160, 	0.546, 	34.49, 	0.448
160, 	0.570, 	36.19, 	0.472
160, 	0.593, 	36.71, 	0.492
160, 	0.615, 	37.92, 	0.518
160, 	0.637, 	38.27, 	0.536
160, 	0.658, 	38.70, 	0.552
160, 	0.679, 	39.00, 	0.571
160, 	0.699, 	39.24, 	0.593
160, 	0.719, 	39.30, 	0.611
160, 	0.740, 	39.65, 	0.625
160, 	0.760, 	39.66, 	0.637
160, 	0.780, 	39.77, 	0.648
160, 	0.800, 	40.01, 	0.651
160, 	0.820, 	39.86, 	0.652
160, 	0.840, 	40.00, 	0.662
160, 	0.860, 	40.11, 	0.658
160, 	0.880, 	40.25, 	0.663
160, 	0.900, 	39.91, 	0.665
