n, 	stddev,  	beta,		prev_sd 
170, 	0.201, 	2.00, 	0.086
170, 	0.243, 	2.00, 	0.132
170, 	0.284, 	2.34, 	0.171
170, 	0.324, 	7.83, 	0.215
170, 	0.363, 	16.09, 	0.257
170, 	0.399, 	24.59, 	0.295
170, 	0.432, 	30.88, 	0.332
170, 	0.464, 	33.33, 	0.363
170, 	0.493, 	38.48, 	0.394
170, 	0.520, 	38.56, 	0.425
170, 	0.546, 	41.49, 	0.453
170, 	0.570, 	41.38, 	0.476
170, 	0.593, 	43.52, 	0.498
170, 	0.615, 	43.00, 	0.518
170, 	0.637, 	44.08, 	0.539
170, 	0.658, 	44.09, 	0.559
170, 	0.679, 	45.11, 	0.580
170, 	0.699, 	45.16, 	0.593
170, 	0.719, 	45.33, 	0.610
170, 	0.740, 	44.89, 	0.630
170, 	0.760, 	45.29, 	0.640
170, 	0.780, 	45.38, 	0.652
170, 	0.800, 	46.01, 	0.663
170, 	0.820, 	45.59, 	0.667
170, 	0.840, 	45.88, 	0.671
170, 	0.860, 	45.55, 	0.668
170, 	0.880, 	46.29, 	0.662
170, 	0.900, 	45.80, 	0.673
