n, 	stddev,  	beta,		prev_sd 
180, 	0.201, 	2.00, 	0.090
180, 	0.243, 	2.00, 	0.131
180, 	0.284, 	3.61, 	0.176
180, 	0.324, 	11.50, 	0.219
180, 	0.363, 	25.11, 	0.260
180, 	0.399, 	30.49, 	0.298
180, 	0.432, 	35.76, 	0.332
180, 	0.464, 	38.99, 	0.366
180, 	0.493, 	44.39, 	0.396
180, 	0.520, 	46.15, 	0.426
180, 	0.546, 	47.39, 	0.452
180, 	0.570, 	48.21, 	0.477
180, 	0.593, 	47.91, 	0.501
180, 	0.615, 	49.79, 	0.522
180, 	0.637, 	49.49, 	0.543
180, 	0.658, 	50.16, 	0.566
180, 	0.679, 	50.41, 	0.579
180, 	0.699, 	50.81, 	0.597
180, 	0.719, 	51.50, 	0.611
180, 	0.740, 	51.08, 	0.632
180, 	0.760, 	51.38, 	0.644
180, 	0.780, 	50.60, 	0.664
180, 	0.800, 	51.19, 	0.669
180, 	0.820, 	51.08, 	0.676
180, 	0.840, 	50.79, 	0.681
180, 	0.860, 	51.55, 	0.677
180, 	0.880, 	52.05, 	0.674
180, 	0.900, 	51.36, 	0.680
